0 0.1 1 0.1
0.1 0.0901565 1.00094 0.0968301
0.2 0.0806057 1.00175 0.093981
0.3 0.0713175 1.00245 0.0914443
0.4 0.0622622 1.00306 0.0892125
0.5 0.0534108 1.00357 0.0872787
0.6 0.0447347 1.00399 0.0856372
0.7 0.0362057 1.00434 0.084283
0.8 0.0277958 1.0046 0.0832118
0.9 0.0194776 1.0048 0.0824204
1 0.0112236 1.00492 0.0819064
1.1 0.00300658 1.00498 0.0816681
1.2 -0.00520048 1.00497 0.0817048
1.3 -0.0134247 1.0049 0.0820167
1.4 -0.0216932 1.00475 0.0826047
1.5 -0.0300333 1.00454 0.0834705
1.6 -0.0384723 1.00425 0.084617
1.7 -0.0470379 1.00389 0.0860476
1.8 -0.055758 1.00344 0.0877667
1.9 -0.0646611 1.00291 0.0897795
2 -0.0737758 1.00228 0.0920921
2.1 -0.0831312 1.00154 0.0947115
2.2 -0.0927573 1.0007 0.0976455
2.3 -0.102684 0.999728 0.100903
2.4 -0.112943 0.998621 0.104493
2.5 -0.123564 0.997362 0.108425
2.6 -0.134581 0.995936 0.112712
2.7 -0.146026 0.994322 0.117365
2.8 -0.157932 0.992501 0.122396
2.9 -0.170333 0.990448 0.127819
3 -0.183263 0.988137 0.133648
3.1 -0.196757 0.985539 0.139897
3.2 -0.21085 0.98262 0.146581
3.3 -0.225576 0.979345 0.153714
3.4 -0.240969 0.975671 0.161313
3.5 -0.257065 0.971554 0.169393
3.6 -0.273895 0.966944 0.177969
3.7 -0.291492 0.961786 0.187054
3.8 -0.309886 0.956018 0.196663
3.9 -0.329103 0.949574 0.206808
4 -0.349169 0.94238 0.2175
4.1 -0.370103 0.934357 0.228747
4.2 -0.391919 0.925418 0.240555
4.3 -0.414627 0.915469 0.252927
4.4 -0.438228 0.904409 0.265859
4.5 -0.462712 0.892131 0.279346
4.6 -0.488062 0.878519 0.293374
4.7 -0.514246 0.863453 0.307923
4.8 -0.54122 0.846806 0.322965
4.9 -0.568921 0.82845 0.338463
5 -0.59727 0.80825 0.354369
5.1 -0.626168 0.786075 0.370624
5.2 -0.655493 0.761793 0.387157
5.3 -0.685102 0.735279 0.403883
5.4 -0.714827 0.706416 0.420705
5.5 -0.744472 0.675101 0.437508
5.6 -0.773822 0.641248 0.454166
5.7 -0.802635 0.604795 0.47054
5.8 -0.830647 0.565707 0.486475
5.9 -0.857579 0.523983 0.501811
6 -0.883136 0.479658 0.516375
6.1 -0.907014 0.43281 0.529992
6.2 -0.928912 0.383565 0.542488
6.3 -0.948534 0.332091 0.553689
6.4 -0.965597 0.278606 0.563435
6.5 -0.979849 0.223375 0.571578
6.6 -0.991065 0.166703 0.577988
6.7 -0.999067 0.10893 0.582562
6.8 -1.00372 0.0504262 0.585223
6.9 -1.00495 -0.00841848 0.585926
7 -1.00274 -0.0672061 0.58466
7.1 -0.997116 -0.12554 0.581446
7.2 -0.988179 -0.183035 0.576339
7.3 -0.976075 -0.239329 0.569421
7.4 -0.960995 -0.29409 0.560806
7.5 -0.943172 -0.347024 0.550628
7.6 -0.922871 -0.397881 0.539039
7.7 -0.900376 -0.446456 0.526205
7.8 -0.875986 -0.492593 0.512299
7.9 -0.850006 -0.536181 0.497497
8 -0.822736 -0.577153 0.481973
8.1 -0.794466 -0.615486 0.465896
8.2 -0.765474 -0.651191 0.449426
8.3 -0.736016 -0.68431 0.432712
8.4 -0.706327 -0.714914 0.415892
8.5 -0.676617 -0.743095 0.399087
8.6 -0.647073 -0.768958 0.382406
8.7 -0.617856 -0.792625 0.365944
8.8 -0.589103 -0.814222 0.349782
8.9 -0.56093 -0.833881 0.333987
9 -0.53343 -0.851735 0.318616
9.1 -0.506677 -0.867916 0.303711
9.2 -0.480727 -0.882554 0.289309
9.3 -0.455622 -0.895773 0.275434
9.4 -0.431389 -0.907691 0.262105
9.5 -0.408043 -0.918423 0.249332
9.6 -0.385591 -0.928073 0.237122
9.7 -0.364028 -0.936741 0.225474
9.8 -0.343344 -0.944518 0.214387
9.9 -0.323523 -0.95149 0.203852
10 -0.304543 -0.957733 0.193861
10.1 -0.28638 -0.96332 0.184403
10.2 -0.269006 -0.968316 0.175465
10.3 -0.252389 -0.972779 0.167033
10.4 -0.236498 -0.976764 0.159092
10.5 -0.221298 -0.98032 0.151628
10.6 -0.206757 -0.983489 0.144624
10.7 -0.19284 -0.986313 0.138067
10.8 -0.17951 -0.988826 0.131939
10.9 -0.166735 -0.99106 0.126228
11 -0.154479 -0.993044 0.120918
11.1 -0.142708 -0.994804 0.115997
11.2 -0.131389 -0.996362 0.11145
11.3 -0.120488 -0.997739 0.107265
11.4 -0.109974 -0.998952 0.103432
11.5 -0.0998133 -1.00002 0.0999378
11.6 -0.0899756 -1.00095 0.096774
11.7 -0.08043 -1.00176 0.0939308
11.8 -0.0711463 -1.00247 0.0913999
11.9 -0.0620951 -1.00307 0.0891736
12 -0.0532473 -1.00358 0.0872454
12.1 -0.0445742 -1.004 0.0856093
12.2 -0.0360476 -1.00434 0.0842604
12.3 -0.0276397 -1.00461 0.0831945
12.4 -0.0193229 -1.0048 0.0824083
12.5 -0.0110698 -1.00493 0.0818994
12.6 -0.0028533 -1.00498 0.0816663
12.7 0.00535383 -1.00497 0.0817081
12.8 0.0135786 -1.0049 0.0820252
12.9 0.0218482 -1.00475 0.0826183
13 0.0301899 -1.00453 0.0834894
13.1 0.038631 -1.00424 0.0846411
13.2 0.0471992 -1.00388 0.086077
13.3 0.0559226 -1.00343 0.0878015
13.4 0.0648293 -1.00289 0.0898199
13.5 0.0739482 -1.00226 0.0921382
13.6 0.0833084 -1.00153 0.0947634
13.7 0.0929398 -1.00068 0.0977033
13.8 0.102873 -0.999709 0.100967
13.9 0.113138 -0.998599 0.104563
14 0.123766 -0.997337 0.108502
14.1 0.134791 -0.995907 0.112796
14.2 0.146244 -0.99429 0.117456
14.3 0.158159 -0.992464 0.122494
14.4 0.17057 -0.990407 0.127925
14.5 0.18351 -0.988091 0.133761
14.6 0.197015 -0.985487 0.140018
14.7 0.211119 -0.982562 0.14671
14.8 0.225857 -0.97928 0.153852
14.9 0.241263 -0.975598 0.16146
15 0.257372 -0.971473 0.169549
15.1 0.274216 -0.966853 0.178134
15.2 0.291828 -0.961684 0.187229
15.3 0.310237 -0.955904 0.196848
15.4 0.32947 -0.949447 0.207003
15.5 0.349552 -0.942238 0.217705
15.6 0.370502 -0.934199 0.228963
15.7 0.392335 -0.925242 0.240781
15.8 0.41506 -0.915273 0.253163
15.9 0.438677 -0.904192 0.266106
16 0.463178 -0.891889 0.279603
16.1 0.488544 -0.878251 0.293641
16.2 0.514743 -0.863157 0.308199
16.3 0.541731 -0.84648 0.32325
16.4 0.569445 -0.82809 0.338756
16.5 0.597805 -0.807855 0.354669
16.6 0.626712 -0.785641 0.37093
16.7 0.656044 -0.761318 0.387468
16.8 0.685657 -0.734761 0.404197
16.9 0.715382 -0.705853 0.421019
17 0.745024 -0.674492 0.437821
17.1 0.774366 -0.640591 0.454475
17.2 0.803166 -0.604089 0.470842
17.3 0.831161 -0.564952 0.486768
17.4 0.85807 -0.523179 0.50209
17.5 0.883598 -0.478806 0.516638
17.6 0.907442 -0.431912 0.530236
17.7 0.929301 -0.382623 0.542709
17.8 0.948876 -0.331109 0.553885
17.9 0.96589 -0.27759 0.563603
18 0.980087 -0.222329 0.571714
18.1 0.991245 -0.165633 0.57809
18.2 0.999185 -0.107843 0.582629
18.3 1.00378 -0.0493292 0.585254
18.4 1.00494 0.00951815 0.585921
18.5 1.00266 0.0683009 0.584618
18.6 0.996979 0.126622 0.581368
18.7 0.987982 0.184098 0.576226
18.8 0.97582 0.240366 0.569276
18.9 0.960686 0.295096 0.56063
19 0.942815 0.347994 0.550424
19.1 0.92247 0.39881 0.538811
19.2 0.899937 0.447341 0.525955
19.3 0.875515 0.493431 0.512031
19.4 0.849508 0.53697 0.497213
19.5 0.822216 0.577893 0.481677
19.6 0.793931 0.616177 0.465591
19.7 0.764928 0.651833 0.449115
19.8 0.735463 0.684904 0.432399
19.9 0.705771 0.715463 0.415577
20 0.676063 0.743598 0.398774
20.1 0.646524 0.76942 0.382096
20.2 0.617314 0.793047 0.36564
20.3 0.588572 0.814606 0.349484
20.4 0.56041 0.83423 0.333696
20.5 0.532923 0.852052 0.318333
20.6 0.506185 0.868203 0.303437
20.7 0.48025 0.882813 0.289045
20.8 0.455161 0.896007 0.27518
20.9 0.430945 0.907902 0.261861
21 0.407616 0.918613 0.249099
21.1 0.38518 0.928244 0.236899
21.2 0.363633 0.936894 0.225262
21.3 0.342966 0.944656 0.214185
21.4 0.323161 0.951613 0.203661
21.5 0.304197 0.957844 0.19368
21.6 0.286049 0.963419 0.184232
21.7 0.268689 0.968404 0.175303
21.8 0.252086 0.972858 0.16688
21.9 0.236207 0.976835 0.158949
22 0.221021 0.980382 0.151493
22.1 0.206492 0.983545 0.144498
22.2 0.192585 0.986362 0.137948
22.3 0.179267 0.98887 0.131829
22.4 0.166501 0.991099 0.126125
22.5 0.154255 0.993079 0.120823
22.6 0.142493 0.994835 0.115908
22.7 0.131182 0.996389 0.111368
22.8 0.120289 0.997763 0.10719
22.9 0.109781 0.998974 0.103363
23 0.0996267 1.00004 0.0998757
23.1 0.0897947 1.00097 0.096718
23.2 0.0802543 1.00178 0.0938807
23.3 0.0709753 1.00248 0.0913555
23.4 0.0619281 1.00308 0.0891349
23.5 0.0530838 1.00358 0.0872122
23.6 0.0444137 1.00401 0.0855815
23.7 0.0358896 1.00435 0.0842379
23.8 0.0274837 1.00461 0.0831772
23.9 0.0191683 1.0048 0.0823962
24 0.0109161 1.00493 0.0818925
24.1 0.00270002 1.00498 0.0816645
24.2 -0.00550719 1.00497 0.0817115
24.3 -0.0137326 1.00489 0.0820337
24.4 -0.0220033 1.00475 0.082632
24.5 -0.0303465 1.00453 0.0835083
24.6 -0.0387898 1.00424 0.0846653
24.7 -0.0473606 1.00387 0.0861066
24.8 -0.0560871 1.00342 0.0878365
24.9 -0.0649976 1.00288 0.0898604
25 -0.0741207 1.00225 0.0921844
25.1 -0.0834857 1.00151 0.0948154
25.2 -0.0931225 1.00066 0.0977613
25.3 -0.103061 0.999689 0.101031
25.4 -0.113333 0.998577 0.104633
25.5 -0.123969 0.997312 0.108579
25.6 -0.135001 0.995879 0.112879
25.7 -0.146462 0.994258 0.117546
25.8 -0.158386 0.992428 0.122592
25.9 -0.170807 0.990366 0.12803
26 -0.183757 0.988045 0.133874
26.1 -0.197273 0.985436 0.140139
26.2 -0.211388 0.982504 0.146839
26.3 -0.226138 0.979215 0.15399
26.4 -0.241557 0.975525 0.161607
26.5 -0.25768 0.971391 0.169705
26.6 -0.274538 0.966762 0.178299
26.7 -0.292165 0.961582 0.187403
26.8 -0.310589 0.95579 0.197032
26.9 -0.329837 0.949319 0.207198
27 -0.349935 0.942096 0.21791
27.1 -0.370902 0.934041 0.229178
27.2 -0.392752 0.925065 0.241007
27.3 -0.415493 0.915077 0.2534
27.4 -0.439126 0.903973 0.266353
27.5 -0.463644 0.891647 0.27986
27.6 -0.489025 0.877983 0.293908
27.7 -0.51524 0.86286 0.308476
27.8 -0.542242 0.846152 0.323536
27.9 -0.569969 0.827729 0.33905
28 -0.59834 0.807458 0.35497
28.1 -0.627256 0.785207 0.371237
28.2 -0.656595 0.760843 0.387779
28.3 -0.686212 0.734243 0.404511
28.4 -0.715937 0.705291 0.421333
28.5 -0.745575 0.673882 0.438133
28.6 -0.77491 0.639933 0.454784
28.7 -0.803697 0.603383 0.471144
28.8 -0.831675 0.564196 0.48706
28.9 -0.85856 0.522374 0.50237
29 -0.88406 0.477953 0.516901
29.1 -0.90787 0.431013 0.53048
29.2 -0.929688 0.381681 0.54293
29.3 -0.949219 0.330127 0.554081
29.4 -0.966182 0.276573 0.563769
29.5 -0.980323 0.221282 0.571849
29.6 -0.991423 0.164562 0.578192
29.7 -0.999301 0.106755 0.582696
29.8 -1.00383 0.048232 0.585284
29.9 -1.00493 -0.0106178 0.585914
30 -1.00259 -0.0693955 0.584575
30.1 -0.996841 -0.127705 0.581289
30.2 -0.987783 -0.185161 0.576112
30.3 -0.975564 -0.241403 0.569129
30.4 -0.960377 -0.296101 0.560453
30.5 -0.942457 -0.348962 0.55022
30.6 -0.922068 -0.399738 0.538581
30.7 -0.899497 -0.448224 0.525704
30.8 -0.875043 -0.494268 0.511762
30.9 -0.849009 -0.537758 0.496929
31 -0.821696 -0.578633 0.481381
31.1 -0.793395 -0.616867 0.465287
31.2 -0.764381 -0.652474 0.448805
31.3 -0.73491 -0.685498 0.432085
31.4 -0.705216 -0.71601 0.415263
31.5 -0.675509 -0.744101 0.398461
31.6 -0.645975 -0.769881 0.381787
31.7 -0.616773 -0.793468 0.365335
31.8 -0.58804 -0.81499 0.349185
31.9 -0.559891 -0.834579 0.333405
32 -0.532417 -0.852368 0.31805
32.1 -0.505693 -0.86849 0.303164
32.2 -0.479774 -0.883072 0.288781
32.3 -0.454701 -0.89624 0.274926
32.4 -0.430501 -0.908113 0.261617
32.5 -0.407189 -0.918802 0.248866
32.6 -0.384769 -0.928414 0.236677
32.7 -0.363239 -0.937047 0.22505
32.8 -0.342588 -0.944793 0.213983
32.9 -0.322799 -0.951736 0.203469
33 -0.303851 -0.957953 0.193499
33.1 -0.285718 -0.963517 0.18406
33.2 -0.268372 -0.968492 0.175141
33.3 -0.251782 -0.972937 0.166728
33.4 -0.235918 -0.976905 0.158805
33.5 -0.220744 -0.980445 0.151358
33.6 -0.206226 -0.983601 0.144371
33.7 -0.192331 -0.986412 0.13783
33.8 -0.179023 -0.988914 0.131719
33.9 -0.166268 -0.991138 0.126023
34 -0.154031 -0.993114 0.120728
34.1 -0.142278 -0.994865 0.11582
34.2 -0.130975 -0.996416 0.111287
34.3 -0.120089 -0.997787 0.107116
34.4 -0.109588 -0.998995 0.103295
34.5 -0.0994402 -1.00006 0.0998138
34.6 -0.089614 -1.00098 0.0966621
34.7 -0.0800787 -1.00179 0.0938307
34.8 -0.0708043 -1.00249 0.0913113
34.9 -0.0617612 -1.00309 0.0890963
35 -0.0529204 -1.00359 0.0871791
35.1 -0.0442533 -1.00401 0.0855538
35.2 -0.0357316 -1.00435 0.0842155
35.3 -0.0273276 -1.00462 0.0831601
35.4 -0.0190137 -1.00481 0.0823843
35.5 -0.0107625 -1.00493 0.0818858
35.6 -0.00254675 -1.00498 0.0816629
35.7 0.00566055 -1.00497 0.081715
35.8 0.0138865 -1.00489 0.0820423
35.9 0.0221583 -1.00474 0.0826458
36 0.0305032 -1.00452 0.0835273
36.1 0.0389486 -1.00423 0.0846896
36.2 0.0475221 -1.00386 0.0861362
36.3 0.0562518 -1.00341 0.0878716
36.4 0.0651659 -1.00287 0.089901
36.5 0.0742933 -1.00224 0.0922307
36.6 0.0836631 -1.0015 0.0948675
36.7 0.0933052 -1.00065 0.0978193
36.8 0.10325 -0.99967 0.101095
36.9 0.113528 -0.998555 0.104704
37 0.124171 -0.997287 0.108656
37.1 0.135211 -0.99585 0.112963
37.2 0.146681 -0.994226 0.117637
37.3 0.158614 -0.992392 0.12269
37.4 0.171043 -0.990325 0.128135
37.5 0.184004 -0.987999 0.133987
37.6 0.197531 -0.985384 0.14026
37.7 0.211658 -0.982446 0.146968
37.8 0.22642 -0.97915 0.154128
37.9 0.241852 -0.975452 0.161753
38 0.257988 -0.97131 0.16986
38.1 0.27486 -0.96667 0.178464
38.2 0.292501 -0.96148 0.187578
38.3 0.31094 -0.955676 0.197217
38.4 0.330205 -0.949192 0.207393
38.5 0.350319 -0.941954 0.218116
38.6 0.371302 -0.933882 0.229394
38.7 0.393168 -0.924889 0.241234
38.8 0.415926 -0.91488 0.253637
38.9 0.439576 -0.903755 0.2666
39 0.46411 -0.891405 0.280118
39.1 0.489507 -0.877714 0.294175
39.2 0.515737 -0.862563 0.308753
39.3 0.542753 -0.845824 0.323821
39.4 0.570493 -0.827368 0.339343
39.5 0.598876 -0.807061 0.355271
39.6 0.627801 -0.784771 0.371544
39.7 0.657146 -0.760367 0.38809
39.8 0.686766 -0.733725 0.404824
39.9 0.716491 -0.704727 0.421648
40 0.746127 -0.673272 0.438446
40.1 0.775453 -0.639275 0.455092
40.2 0.804228 -0.602675 0.471446
40.3 0.832188 -0.563439 0.487352
40.4 0.85905 -0.521568 0.502649
40.5 0.884521 -0.477099 0.517164
40.6 0.908296 -0.430113 0.530724
40.7 0.930075 -0.380738 0.543151
40.8 0.94956 -0.329145 0.554275
40.9 0.966473 -0.275555 0.563935
41 0.980559 -0.220235 0.571984
41.1 0.9916 -0.163492 0.578294
41.2 0.999417 -0.105668 0.582762
41.3 1.00388 -0.0471347 0.585314
41.4 1.00492 0.0117174 0.585907
41.5 1.00251 0.07049 0.584531
41.6 0.996702 0.128787 0.58121
41.7 0.987583 0.186224 0.575998
41.8 0.975306 0.24244 0.568982
41.9 0.960067 0.297106 0.560276
42 0.942098 0.34993 0.550015
42.1 0.921666 0.400665 0.538352
42.2 0.899057 0.449107 0.525453
42.3 0.87457 0.495103 0.511492
42.4 0.848509 0.538546 0.496645
42.5 0.821176 0.579371 0.481085
42.6 0.792859 0.617556 0.464982
42.7 0.763834 0.653114 0.448495
42.8 0.734357 0.68609 0.431771
42.9 0.704661 0.716556 0.414949
43 0.674956 0.744604 0.398148
43.1 0.645426 0.770341 0.381477
43.2 0.616231 0.793888 0.36503
43.3 0.587509 0.815373 0.348887
43.4 0.559371 0.834928 0.333115
43.5 0.531911 0.852684 0.317768
43.6 0.505201 0.868776 0.302891
43.7 0.479298 0.883331 0.288517
43.8 0.454241 0.896474 0.274672
43.9 0.430057 0.908323 0.261374
44 0.406762 0.918991 0.248633
44.1 0.384359 0.928584 0.236454
44.2 0.362846 0.937199 0.224838
44.3 0.342211 0.944929 0.213782
44.4 0.322438 0.951858 0.203278
44.5 0.303505 0.958063 0.193318
44.6 0.285386 0.963615 0.183889
44.7 0.268055 0.96858 0.17498
44.8 0.25148 0.973015 0.166575
44.9 0.235628 0.976975 0.158662
45 0.220467 0.980507 0.151223
45.1 0.205961 0.983656 0.144245
45.2 0.192078 0.986461 0.137712
45.3 0.17878 0.988958 0.131608
45.4 0.166035 0.991177 0.12592
45.5 0.153807 0.993148 0.120632
45.6 0.142062 0.994896 0.115732
45.7 0.130768 0.996444 0.111206
45.8 0.119889 0.997811 0.107041
45.9 0.109396 0.999016 0.103227
46 0.0992539 1.00007 0.0997519
46.1 0.0894333 1.001 0.0966063
46.2 0.0799032 1.00181 0.0937808
46.3 0.0706334 1.0025 0.0912671
46.4 0.0615943 1.0031 0.0890578
46.5 0.052757 1.0036 0.0871461
46.6 0.0440929 1.00402 0.0855262
46.7 0.0355737 1.00436 0.0841932
46.8 0.0271716 1.00462 0.083143
46.9 0.0188591 1.00481 0.0823725
47 0.0106088 1.00493 0.0818791
47.1 0.00239349 1.00498 0.0816614
47.2 -0.00581392 1.00497 0.0817186
47.3 -0.0140405 1.00489 0.0820511
47.4 -0.0223134 1.00474 0.0826597
47.5 -0.0306599 1.00452 0.0835465
47.6 -0.0391074 1.00423 0.084714
47.7 -0.0476836 1.00386 0.086166
47.8 -0.0564164 1.0034 0.0879068
47.9 -0.0653343 1.00286 0.0899418
48 -0.0744659 1.00222 0.0922771
48.1 -0.0838406 1.00148 0.0949197
48.2 -0.0934881 1.00063 0.0978775
48.3 -0.103439 0.99965 0.101159
48.4 -0.113723 0.998532 0.104774
48.5 -0.124373 0.997262 0.108733
48.6 -0.135421 0.995822 0.113047
48.7 -0.146899 0.994193 0.117728
48.8 -0.158841 0.992355 0.122788
48.9 -0.17128 0.990284 0.128241
49 -0.184252 0.987953 0.1341
49.1 -0.197789 0.985332 0.140381
49.2 -0.211928 0.982388 0.147098
49.3 -0.226702 0.979084 0.154266
49.4 -0.242147 0.975379 0.1619
49.5 -0.258296 0.971228 0.170017
49.6 -0.275183 0.966579 0.178629
49.7 -0.292838 0.961377 0.187754
49.8 -0.311292 0.955561 0.197402
49.9 -0.330573 0.949064 0.207588
