0 0.1 1 0.1
0.1 0.09 1.001 0.0966667
0.2 0.0803237 1.00187 0.0936637
0.3 0.0709398 1.00262 0.0909812
0.4 0.0618178 1.00327 0.0886103
0.5 0.0529278 1.00382 0.086543
0.6 0.0442405 1.00427 0.084772
0.7 0.0357271 1.00465 0.083291
0.8 0.0273592 1.00495 0.0820946
0.9 0.0191092 1.00517 0.0811781
1 0.0109494 1.00533 0.0805378
1.1 0.00285271 1.00541 0.0801709
1.2 -0.00520779 1.00544 0.0800753
1.3 -0.0132589 1.0054 0.0802499
1.4 -0.0213271 1.00529 0.0806942
1.5 -0.0294392 1.00512 0.0814089
1.6 -0.0376218 1.00488 0.0823952
1.7 -0.0459015 1.00457 0.0836554
1.8 -0.0543052 1.00418 0.0851924
1.9 -0.0628601 1.00372 0.0870102
2 -0.0715935 1.00317 0.0891133
2.1 -0.0805331 1.00254 0.0915073
2.2 -0.089707 1.0018 0.0941986
2.3 -0.0991438 1.00095 0.0971942
2.4 -0.108873 0.99999 0.100502
2.5 -0.118923 0.998896 0.104131
2.6 -0.129324 0.997657 0.108091
2.7 -0.140108 0.99626 0.112392
2.8 -0.151305 0.994685 0.117044
2.9 -0.162947 0.992914 0.122061
3 -0.175067 0.990925 0.127454
3.1 -0.187697 0.988694 0.133237
3.2 -0.20087 0.986193 0.139423
3.3 -0.21462 0.983392 0.146026
3.4 -0.22898 0.980258 0.153061
3.5 -0.243984 0.976753 0.160543
3.6 -0.259665 0.972837 0.168487
3.7 -0.276056 0.968461 0.176907
3.8 -0.293188 0.963578 0.185819
3.9 -0.311093 0.95813 0.195236
4 -0.3298 0.952056 0.205171
4.1 -0.349333 0.94529 0.215638
4.2 -0.369717 0.937757 0.226645
4.3 -0.390971 0.929377 0.238202
4.4 -0.413109 0.920064 0.250314
4.5 -0.436139 0.909724 0.262983
4.6 -0.460063 0.898254 0.276209
4.7 -0.484874 0.885547 0.289984
4.8 -0.510553 0.871486 0.304297
4.9 -0.537072 0.85595 0.319128
5 -0.564388 0.838811 0.334451
5.1 -0.592442 0.819935 0.350232
5.2 -0.621159 0.799185 0.366424
5.3 -0.650443 0.776425 0.382971
5.4 -0.680178 0.751514 0.399805
5.5 -0.710224 0.724321 0.416844
5.6 -0.740417 0.694715 0.433992
5.7 -0.770567 0.662582 0.451138
5.8 -0.800458 0.627819 0.468157
5.9 -0.82985 0.590345 0.484908
6 -0.858476 0.550104 0.501238
6.1 -0.88605 0.507074 0.51698
6.2 -0.912265 0.461267 0.531956
6.3 -0.936802 0.412739 0.545983
6.4 -0.959337 0.361591 0.558871
6.5 -0.979545 0.307977 0.570434
6.6 -0.997113 0.2521 0.58049
6.7 -1.01175 0.194219 0.588869
6.8 -1.02318 0.13464 0.595419
6.9 -1.0312 0.0737176 0.600011
7 -1.03562 0.0118444 0.602545
7.1 -1.03634 -0.0505566 0.602954
7.2 -1.03329 -0.113043 0.601208
7.3 -1.02649 -0.175165 0.597314
7.4 -1.01603 -0.236479 0.59132
7.5 -1.00205 -0.296559 0.583311
7.6 -0.984748 -0.35501 0.573406
7.7 -0.964392 -0.411476 0.561753
7.8 -0.941277 -0.465651 0.548525
7.9 -0.915735 -0.517282 0.533915
8 -0.888116 -0.566174 0.518125
8.1 -0.858781 -0.61219 0.501364
8.2 -0.828088 -0.655246 0.48384
8.3 -0.796385 -0.695312 0.465753
8.4 -0.764001 -0.732404 0.447295
8.5 -0.731241 -0.766578 0.428643
8.6 -0.698382 -0.797922 0.409958
8.7 -0.66567 -0.826553 0.391383
8.8 -0.63332 -0.852606 0.373043
8.9 -0.601515 -0.876231 0.355044
9 -0.570405 -0.897588 0.337475
9.1 -0.540113 -0.916837 0.320408
9.2 -0.510737 -0.934143 0.303902
9.3 -0.482348 -0.949664 0.287999
9.4 -0.454998 -0.963556 0.27273
9.5 -0.428719 -0.975965 0.258116
9.6 -0.403528 -0.987031 0.244169
9.7 -0.379428 -0.996884 0.230892
9.8 -0.35641 -1.00564 0.218284
9.9 -0.334459 -1.01342 0.206336
10 -0.313548 -1.02033 0.195038
10.1 -0.293648 -1.02644 0.184374
10.2 -0.274723 -1.03186 0.174327
10.3 -0.256735 -1.03664 0.164878
10.4 -0.239643 -1.04088 0.156007
10.5 -0.223405 -1.04462 0.147692
10.6 -0.207976 -1.04792 0.139913
10.7 -0.193315 -1.05083 0.132648
10.8 -0.179376 -1.05339 0.125877
10.9 -0.166116 -1.05565 0.119578
11 -0.153493 -1.05763 0.113733
11.1 -0.141464 -1.05938 0.108322
11.2 -0.129989 -1.06091 0.103326
11.3 -0.119027 -1.06225 0.0987294
11.4 -0.108539 -1.06343 0.0945148
11.5 -0.0984879 -1.06446 0.0906674
11.6 -0.0888368 -1.06535 0.0871729
11.7 -0.0795498 -1.06612 0.0840181
11.8 -0.0705925 -1.06679 0.0811911
11.9 -0.0619311 -1.06736 0.0786809
12 -0.053533 -1.06785 0.0764774
12.1 -0.0453663 -1.06826 0.0745719
12.2 -0.0374001 -1.0686 0.0729565
12.3 -0.0296039 -1.06887 0.0716243
12.4 -0.0219482 -1.06908 0.0705695
12.5 -0.0144037 -1.06924 0.0697874
12.6 -0.00694179 -1.06934 0.069274
12.7 0.000465963 -1.06939 0.0690266
12.8 0.00784759 -1.06939 0.0690432
12.9 0.015231 -1.06933 0.0693229
13 0.0226439 -1.06923 0.0698658
13.1 0.0301141 -1.06907 0.0706729
13.2 0.0376695 -1.06885 0.071746
13.3 0.0453381 -1.06858 0.0730881
13.4 0.0531482 -1.06825 0.074703
13.5 0.0611284 -1.06786 0.0765956
13.6 0.0693077 -1.06739 0.0787714
13.7 0.0777156 -1.06684 0.0812374
13.8 0.0863824 -1.06621 0.084001
13.9 0.0953386 -1.06548 0.0870711
14 0.104616 -1.06465 0.0904572
14.1 0.114246 -1.06371 0.0941698
14.2 0.124263 -1.06263 0.0982207
14.3 0.134701 -1.06141 0.102622
14.4 0.145593 -1.06003 0.107388
14.5 0.156977 -1.05847 0.112532
14.6 0.168888 -1.0567 0.118071
14.7 0.181364 -1.05471 0.12402
14.8 0.194445 -1.05246 0.130396
14.9 0.208168 -1.04992 0.137217
15 0.222575 -1.04706 0.144503
15.1 0.237705 -1.04385 0.152271
15.2 0.2536 -1.04023 0.160542
15.3 0.2703 -1.03616 0.169335
15.4 0.287846 -1.03158 0.178671
15.5 0.306277 -1.02644 0.188569
15.6 0.325633 -1.02066 0.199048
15.7 0.345949 -1.01418 0.210127
15.8 0.367259 -1.00691 0.221822
15.9 0.389595 -0.998764 0.234149
16 0.412981 -0.989641 0.247119
16.1 0.437437 -0.979436 0.260742
16.2 0.462975 -0.96803 0.275024
16.3 0.489598 -0.955297 0.289963
16.4 0.517298 -0.941101 0.305553
16.5 0.546054 -0.925294 0.321781
16.6 0.575828 -0.907723 0.338623
16.7 0.606565 -0.888225 0.356046
16.8 0.63819 -0.866628 0.374005
16.9 0.670603 -0.842759 0.392441
17 0.703676 -0.816442 0.411279
17.1 0.737254 -0.787502 0.43043
17.2 0.771151 -0.755768 0.449783
17.3 0.805144 -0.721083 0.46921
17.4 0.838978 -0.683305 0.488562
17.5 0.872362 -0.642315 0.507671
17.6 0.90497 -0.598028 0.526349
17.7 0.936447 -0.550395 0.544389
17.8 0.96641 -0.499416 0.56157
17.9 0.994456 -0.445145 0.577658
18 1.02017 -0.3877 0.592413
18.1 1.04314 -0.327264 0.605597
18.2 1.06296 -0.264091 0.616977
18.3 1.07925 -0.198509 0.626334
18.4 1.09168 -0.130912 0.633475
18.5 1.09998 -0.0617568 0.638239
18.6 1.10392 0.00844807 0.640504
18.7 1.10338 0.0791545 0.640193
18.8 1.09831 0.149792 0.637282
18.9 1.08876 0.219785 0.631798
19 1.07488 0.288573 0.623821
19.1 1.05688 0.355626 0.613482
19.2 1.03506 0.420464 0.600953
19.3 1.00979 0.482666 0.586447
19.4 0.981486 0.541885 0.5702
19.5 0.950587 0.597849 0.552472
19.6 0.917558 0.650366 0.533528
19.7 0.882859 0.699321 0.513637
19.8 0.846939 0.744668 0.493056
19.9 0.810223 0.786426 0.472034
20 0.773101 0.824672 0.450794
20.1 0.735925 0.859523 0.429542
20.2 0.699005 0.891134 0.408458
20.3 0.662606 0.919685 0.387694
20.4 0.626951 0.945374 0.367381
20.5 0.592219 0.968407 0.347624
20.6 0.558555 0.988994 0.328507
20.7 0.526066 1.00734 0.310094
20.8 0.494829 1.02366 0.292429
20.9 0.464894 1.03813 0.275545
21 0.436289 1.05094 0.259458
21.1 0.409022 1.06226 0.244174
21.2 0.383084 1.07224 0.229691
21.3 0.358456 1.08104 0.215999
21.4 0.335105 1.08878 0.203082
21.5 0.312994 1.09559 0.19092
21.6 0.292077 1.10157 0.17949
21.7 0.272305 1.10681 0.168765
21.8 0.253626 1.1114 0.158719
21.9 0.235986 1.11543 0.149323
22 0.21933 1.11895 0.140549
22.1 0.203603 1.12204 0.132368
22.2 0.188751 1.12473 0.124753
22.3 0.17472 1.12709 0.117676
22.4 0.161457 1.12914 0.111112
22.5 0.148911 1.13094 0.105035
22.6 0.137032 1.1325 0.0994217
22.7 0.125772 1.13386 0.0942488
22.8 0.115086 1.13505 0.0894952
22.9 0.104928 1.13608 0.0851409
23 0.0952549 1.13697 0.0811674
23.1 0.0860264 1.13774 0.0775573
23.2 0.0772024 1.13841 0.0742948
23.3 0.0687446 1.13898 0.0713652
23.4 0.0606162 1.13948 0.0687552
23.5 0.0527817 1.13989 0.0664528
23.6 0.0452068 1.14024 0.0644473
23.7 0.0378583 1.14053 0.0627291
23.8 0.0307038 1.14077 0.0612898
23.9 0.023712 1.14096 0.0601223
24 0.0168523 1.1411 0.0592205
24.1 0.0100947 1.1412 0.0585794
24.2 0.00340957 1.14126 0.0581954
24.3 -0.00323206 1.14128 0.0580657
24.4 -0.00985899 1.14126 0.0581887
24.5 -0.0164998 1.14121 0.0585637
24.6 -0.0231832 1.14111 0.0591914
24.7 -0.0299376 1.14097 0.0600732
24.8 -0.0367917 1.14079 0.0612118
24.9 -0.0437747 1.14057 0.0626109
25 -0.0509159 1.14029 0.0642751
25.1 -0.0582452 1.13996 0.0662104
25.2 -0.0657929 1.13958 0.0684237
25.3 -0.0735903 1.13913 0.0709229
25.4 -0.0816694 1.13861 0.0737172
25.5 -0.0900629 1.13801 0.0768168
25.6 -0.0988047 1.13731 0.0802332
25.7 -0.10793 1.13652 0.083979
25.8 -0.117474 1.13561 0.0880678
25.9 -0.127475 1.13458 0.0925146
26 -0.137972 1.1334 0.0973356
26.1 -0.149004 1.13206 0.102548
26.2 -0.160613 1.13053 0.108171
26.3 -0.172842 1.12879 0.114223
26.4 -0.185735 1.12682 0.120727
26.5 -0.199339 1.12458 0.127703
26.6 -0.2137 1.12203 0.135176
26.7 -0.228867 1.11914 0.143168
26.8 -0.24489 1.11586 0.151706
26.9 -0.261818 1.11215 0.160815
27 -0.279703 1.10794 0.170521
27.1 -0.298596 1.10317 0.180851
27.2 -0.318547 1.09777 0.191831
27.3 -0.339605 1.09166 0.203487
27.4 -0.361819 1.08475 0.215845
27.5 -0.385233 1.07694 0.228928
27.6 -0.409887 1.06812 0.242757
27.7 -0.435816 1.05817 0.25735
27.8 -0.463048 1.04695 0.272723
27.9 -0.491601 1.03432 0.288882
28 -0.521481 1.02012 0.305831
28.1 -0.552679 1.00417 0.323564
28.2 -0.585171 0.986292 0.342063
28.3 -0.618908 0.966276 0.361302
28.4 -0.65382 0.943914 0.381236
28.5 -0.689806 0.918988 0.401808
28.6 -0.726731 0.891271 0.422939
28.7 -0.764427 0.860535 0.444529
28.8 -0.80268 0.826554 0.466456
28.9 -0.841235 0.789113 0.488572
29 -0.879789 0.748012 0.510699
29.1 -0.91799 0.703081 0.532636
29.2 -0.955438 0.654186 0.55415
29.3 -0.99169 0.60124 0.574984
29.4 -1.02626 0.54422 0.594859
29.5 -1.05863 0.483172 0.613476
29.6 -1.08828 0.418227 0.630526
29.7 -1.11465 0.349609 0.645698
29.8 -1.13722 0.277636 0.658687
29.9 -1.15551 0.202729 0.669212
30 -1.16907 0.125401 0.67702
30.1 -1.17756 0.0462523 0.681907
30.2 -1.18072 -0.0340466 0.683723
30.3 -1.17839 -0.114775 0.682383
30.4 -1.17056 -0.195186 0.677874
30.5 -1.15733 -0.274535 0.670258
30.6 -1.13893 -0.352106 0.659667
30.7 -1.1157 -0.427237 0.6463
30.8 -1.08809 -0.499345 0.630411
30.9 -1.05661 -0.567939 0.6123
31 -1.02183 -0.632635 0.592297
31.1 -0.984361 -0.693158 0.570749
31.2 -0.944799 -0.74934 0.548005
31.3 -0.903735 -0.801116 0.524406
31.4 -0.861724 -0.848508 0.500273
31.5 -0.819276 -0.891618 0.4759
31.6 -0.776844 -0.930607 0.451551
31.7 -0.734822 -0.965686 0.427453
31.8 -0.693543 -0.997096 0.403799
31.9 -0.653281 -1.0251 0.380748
32 -0.61425 -1.04997 0.358425
32.1 -0.576617 -1.07199 0.336927
32.2 -0.540498 -1.09142 0.316323
32.3 -0.505974 -1.10852 0.296659
32.4 -0.473089 -1.12353 0.277963
32.5 -0.441859 -1.13668 0.260246
32.6 -0.412278 -1.14818 0.243504
32.7 -0.384319 -1.15821 0.227725
32.8 -0.357944 -1.16697 0.212888
32.9 -0.3331 -1.17459 0.198964
33 -0.30973 -1.18121 0.185922
33.1 -0.287769 -1.18697 0.173727
33.2 -0.267148 -1.19197 0.162341
33.3 -0.247797 -1.19631 0.151727
33.4 -0.229646 -1.20007 0.141845
33.5 -0.212624 -1.20333 0.132659
33.6 -0.196661 -1.20615 0.12413
33.7 -0.181689 -1.20859 0.116224
33.8 -0.167642 -1.2107 0.108904
33.9 -0.154457 -1.21253 0.102139
34 -0.142072 -1.2141 0.0958959
34.1 -0.13043 -1.21547 0.0901462
34.2 -0.119473 -1.21664 0.0848618
34.3 -0.109148 -1.21765 0.0800166
34.4 -0.0994048 -1.21853 0.0755865
34.5 -0.0901944 -1.21928 0.0715489
34.6 -0.0814705 -1.21992 0.0678831
34.7 -0.0731893 -1.22048 0.0645702
34.8 -0.0653087 -1.22095 0.0615927
34.9 -0.0577885 -1.22135 0.0589347
35 -0.0505905 -1.22169 0.056582
35.1 -0.0436779 -1.22198 0.0545218
35.2 -0.0370155 -1.22222 0.0527427
35.3 -0.0305691 -1.22241 0.0512347
35.4 -0.0243061 -1.22257 0.0499891
35.5 -0.0181946 -1.22269 0.0489986
35.6 -0.0122036 -1.22278 0.048257
35.7 -0.00630285 -1.22284 0.0477596
35.8 -0.000462621 -1.22287 0.0475027
35.9 0.00534634 -1.22287 0.0474838
36 0.011153 -1.22285 0.0477018
36.1 0.0169862 -1.22279 0.0481564
36.2 0.0228747 -1.22271 0.0488487
36.3 0.0288475 -1.2226 0.049781
36.4 0.0349337 -1.22246 0.0509567
36.5 0.041163 -1.22228 0.0523802
36.6 0.0475653 -1.22206 0.0540572
36.7 0.0541714 -1.22181 0.0559948
36.8 0.0610129 -1.2215 0.0582011
36.9 0.0681221 -1.22115 0.0606853
37 0.0755327 -1.22073 0.0634582
37.1 0.0832793 -1.22025 0.0665317
37.2 0.0913978 -1.2197 0.0699191
37.3 0.0999258 -1.21906 0.073635
37.4 0.108902 -1.21832 0.0776956
37.5 0.118368 -1.21748 0.0821182
37.6 0.128366 -1.21651 0.0869219
37.7 0.13894 -1.21539 0.0921271
37.8 0.150137 -1.21411 0.097756
37.9 0.162006 -1.21264 0.103832
38 0.174597 -1.21096 0.110381
38.1 0.187964 -1.20903 0.117428
38.2 0.202161 -1.20683 0.125003
38.3 0.217247 -1.2043 0.133136
38.4 0.23328 -1.20141 0.141857
38.5 0.250323 -1.1981 0.151199
38.6 0.268438 -1.19431 0.161196
38.7 0.28769 -1.18999 0.171883
38.8 0.308144 -1.18504 0.183294
38.9 0.329865 -1.17939 0.195466
39 0.352918 -1.17295 0.208434
39.1 0.377367 -1.16559 0.222233
39.2 0.40327 -1.1572 0.236895
39.3 0.430683 -1.14765 0.25245
39.4 0.459656 -1.13678 0.268926
39.5 0.490227 -1.12442 0.286344
39.6 0.522424 -1.11038 0.304718
39.7 0.556259 -1.09446 0.324054
39.8 0.591725 -1.07643 0.344347
39.9 0.628792 -1.05606 0.365579
40 0.667399 -1.03307 0.387714
40.1 0.707453 -1.00719 0.410696
40.2 0.748818 -0.97814 0.434447
40.3 0.791313 -0.945607 0.458862
40.4 0.834703 -0.909297 0.483805
40.5 0.878695 -0.868914 0.509104
40.6 0.922932 -0.824179 0.534555
40.7 0.966989 -0.774843 0.55991
40.8 1.01037 -0.7207 0.584886
40.9 1.05253 -0.661605 0.609158
41 1.09283 -0.59749 0.63237
41.1 1.13061 -0.528383 0.654135
41.2 1.16517 -0.454425 0.674048
41.3 1.19581 -0.375887 0.691698
41.4 1.22181 -0.293173 0.706681
41.5 1.24252 -0.206831 0.718621
41.6 1.25739 -0.11754 0.727187
41.7 1.26593 -0.0261046 0.732114
41.8 1.26785 0.0665761 0.733215
41.9 1.26296 0.159536 0.730402
42 1.25131 0.251784 0.723685
42.1 1.23309 0.342339 0.713183
42.2 1.20867 0.430281 0.699112
42.3 1.17859 0.514781 0.681777
42.4 1.1435 0.595135 0.661553
42.5 1.10413 0.670783 0.638868
42.6 1.06127 0.741322 0.614181
42.7 1.01574 0.806503 0.587956
42.8 0.968322 0.866224 0.560649
42.9 0.919757 0.920513 0.53269
43 0.870722 0.969508 0.504468
43.1 0.821814 1.01343 0.476329
43.2 0.773541 1.05258 0.448567
43.3 0.726326 1.08728 0.421427
43.4 0.680505 1.11789 0.395103
43.5 0.636337 1.14477 0.369745
43.6 0.59401 1.1683 0.345463
43.7 0.553649 1.18882 0.32233
43.8 0.51533 1.20667 0.300391
43.9 0.479083 1.22215 0.279663
44 0.444904 1.23555 0.260146
44.1 0.412761 1.24712 0.241823
44.2 0.382603 1.2571 0.224664
44.3 0.354361 1.2657 0.208632
44.4 0.327954 1.27309 0.193681
44.5 0.303297 1.27944 0.179764
44.6 0.280297 1.28489 0.166829
44.7 0.258861 1.28957 0.154824
44.8 0.238896 1.29358 0.143696
44.9 0.220308 1.29701 0.133395
45 0.203006 1.29995 0.123871
45.1 0.186903 1.30246 0.115074
45.2 0.171915 1.30462 0.10696
45.3 0.157961 1.30645 0.0994835
45.4 0.144964 1.30803 0.0926045
45.5 0.132851 1.30937 0.086284
45.6 0.121554 1.31051 0.0804856
45.7 0.111006 1.31149 0.0751757
45.8 0.101147 1.31233 0.0703229
45.9 0.0919179 1.31304 0.0658983
46 0.0832652 1.31364 0.0618753
46.1 0.075137 1.31416 0.0582292
46.2 0.0674848 1.3146 0.0549378
46.3 0.0602626 1.31497 0.0519807
46.4 0.0534274 1.31528 0.0493392
46.5 0.0469379 1.31554 0.0469968
46.6 0.0407552 1.31577 0.0449385
46.7 0.0348424 1.31595 0.043151
46.8 0.0291639 1.3161 0.0416227
46.9 0.023686 1.31622 0.0403433
47 0.0183759 1.31632 0.0393041
47.1 0.0132022 1.31639 0.0384978
47.2 0.00813444 1.31644 0.0379185
47.3 0.00314271 1.31647 0.0375615
47.4 -0.00180215 1.31648 0.0374236
47.5 -0.0067289 1.31647 0.0375027
47.6 -0.011666 1.31645 0.037798
47.7 -0.0166419 1.31641 0.0383099
47.8 -0.0216851 1.31634 0.0390401
47.9 -0.0268241 1.31626 0.0399916
48 -0.032088 1.31615 0.0411686
48.1 -0.0375064 1.31602 0.0425763
48.2 -0.0431095 1.31586 0.0442216
48.3 -0.0489285 1.31567 0.0461125
48.4 -0.0549953 1.31544 0.0482583
48.5 -0.0613434 1.31518 0.0506697
48.6 -0.0680074 1.31487 0.053359
48.7 -0.0750234 1.3145 0.0563396
48.8 -0.0824293 1.31408 0.0596269
48.9 -0.0902647 1.31359 0.0632375
49 -0.0985715 1.31302 0.0671899
49.1 -0.107394 1.31236 0.0715041
49.2 -0.116778 1.31159 0.0762021
49.3 -0.126772 1.3107 0.0813075
49.4 -0.137429 1.30967 0.0868462
49.5 -0.148803 1.30847 0.0928457
49.6 -0.160952 1.30709 0.0993359
49.7 -0.173936 1.30549 0.106349
49.8 -0.187819 1.30364 0.113918
49.9 -0.20267 1.3015 0.122079
